0,310
0,305
0,308
0,307
0,302
0,304
0,303
0,12
0,10
0,8
0,0
0,416
0,415
0,300
0,414
0,413
0,299
0,564
0,495
0,298
0,496
0,412
0,297
0,444
0,411
0,296
0,410
0,295
0,530
0,493
0,294
0,490
0,409
0,293
0,529
0,407
0,292
0,549
0,422
0,291
0,488
0,405
0,290
0,561
0,573
0,289
0,548
0,288
0,536
0,404
0,287
0,547
0,403
0,286
0,546
0,402
0,285
0,528
0,400
0,284
0,527
0,482
0,283
0,526
0,461
0,282
0,398
0,397
0,281
0,525
0,396
0,280
0,481
0,394
0,279
0,393
0,389
0,278
0,391
0,475
0,277
0,441
0,388
0,276
0,553
0,440
0,275
0,486
0,387
0,274
0,432
0,386
0,273
0,484
0,385
0,272
0,483
0,418
0,271
0,428
0,384
0,270
0,524
0,566
0,269
0,543
0,382
0,268
0,572
0,381
0,267
0,523
0,480
0,266
0,560
0,571
0,265
0,417
0,380
0,264
0,379
0,263
0,378
0,262
0,476
0,575
0,261
0,551
0,377
0,260
0,522
0,319
0,259
0,474
0,375
0,258
0,542
0,374
0,257
0,521
0,383
0,256
0,541
0,472
0,255
0,373
0,254
0,471
0,372
0,253
0,470
0,371
0,252
0,559
0,469
0,251
0,406
0,370
0,250
0,467
0,369
0,249
0,519
0,368
0,248
0,518
0,367
0,247
0,540
0,517
0,246
0,516
0,466
0,245
0,366
0,244
0,556
0,365
0,242
0,464
0,364
0,241
0,401
0,363
0,240
0,515
252,5
1,3
1,1
0,322
0,330
0,408
0,421
0,463
0,477
0,478
0,489
0,494
0,498
0,554
0,555
0,562
3,0
3,3
249,1
249,2
251,0
251,1
251,3
252,4
253,0
253,2
253,3
254,1
254,2
255,0
255,2
255,3
256,0
256,1
256,3
257,1
257,2
257,4
258,0
258,2
258,4
259,0
259,2
259,3
261,0
261,1
261,3
263,0
263,1
263,3
263,4
266,1
266,3
266,4
269,1
269,2
269,4
269,5
271,0
271,2
271,3
272,0
272,1
272,3
273,1
273,2
274,0
274,1
274,3
274,2
273,3
273,0
272,2
271,4
271,1
269,6
269,3
269,0
266,2
266,0
263,2
261,4
261,2
259,4
259,1
258,3
258,1
257,3
257,0
256,2
255,4
255,1
254,3
254,0
253,1
252,2
251,2
249,3
249,0
3,1
0,557
0,505
0,491
0,485
0,465
0,420
0,376
0,243
1,0
252,1
252,3
252,0
2,1
2,3
2,0
0,9
0,462
0,239
0,318
0,362
0,238
0,460
0,361
0,237
0,539
0,360
0,236
0,473
0,359
0,235
0,537
0,514
0,234
0,533
0,459
0,233
0,458
0,358
0,232
0,457
0,357
0,231
0,563
0,356
0,230
0,390
0,355
0,229
0,512
0,354
0,228
0,511
0,353
0,227
0,510
0,456
0,226
0,455
0,352
0,225
0,454
0,351
0,224
0,509
0,350
0,223
0,501
0,349
0,222
0,535
0,453
0,221
0,452
0,508
0,220
0,451
0,348
0,219
0,500
0,347
0,218
0,513
0,346
0,217
0,345
0,507
0,216
0,450
0,574
0,215
0,506
0,343
0,214
0,558
0,342
0,213
0,568
0,341
0,212
0,395
0,340
0,211
0,545
0,339
0,210
0,448
0,338
0,209
0,544
0,337
0,208
0,570
0,336
0,207
0,446
0,392
0,206
0,499
0,335
0,205
0,443
0,344
0,204
0,333
0,442
0,203
0,502
0,332
0,202
0,449
0,439
0,201
0,532
0,447
0,200
0,504
0,331
0,199
0,438
0,538
0,198
0,437
0,433
0,197
0,503
0,328
0,196
0,550
0,435
0,195
0,434
0,531
0,194
0,436
0,327
0,193
0,430
0,326
0,192
0,497
0,325
0,63
0,431
0,324
0,62
0,569
0,323
0,61
0,429
0,321
0,60
0,334
0,427
0,59
0,492
0,320
0,58
0,426
0,487
0,57
0,425
0,423
0,56
0,567
0,317
0,55
0,565
0,329
0,54
0,445
0,424
0,53
0,468
0,316
0,52
0,399
0,315
0,51
0,479
0,314
0,50
0,313
0,49
0,552
0,312
0,48
0,311
0,47
0,419
0,309
0,46
0,534
0,306
0,45
0,520
0,301
0,6
0,5
0,1
0,11
0,4
0,2
0,3
0,7
